0 r 3 2
0 b1 1 1
0 b2 2 1
0 b3 3 1
0 b4 5 1
0 b5 6 2
0 b6 1 4
0 b7 2 5
0 b8 4 4
0 b9 5 4
0 b10 1 6
0 b11 3 6
0 b12 4 3
0 block 2 4
1 block 2 4
2 block 2 4
3 block 2 4
4 block 2 4
5 block 2 4
6 block 2 4
7 block 2 4
8 block 2 4
9 block 2 4
10 block 2 4
11 block 2 4
12 block 2 4
13 block 2 4
14 block 2 4
15 block 2 4
16 block 2 4
17 block 2 4
18 block 2 4
19 block 2 4
20 block 2 4
21 block 2 4
22 block 2 4
23 block 2 4
24 block 2 4
25 block 2 4
26 block 2 4
27 block 2 4
28 block 2 4
29 block 2 4
30 block 2 4
31 block 2 4
32 block 2 4
33 block 2 4
34 block 2 4
35 block 2 4
36 block 2 4
37 block 2 4
38 block 2 4
39 block 2 4
40 block 2 4
41 block 2 4
42 block 2 4
43 block 2 4
44 block 2 4
45 block 2 4
46 block 2 4
47 block 2 4
48 block 2 4
49 block 2 4
50 block 2 4
51 block 2 4
52 block 2 4
53 block 2 4
54 block 2 4
55 block 2 4
56 block 2 4
57 block 2 4
58 block 2 4
59 block 2 4
60 block 2 4
61 block 2 4
62 block 2 4
63 block 2 4
64 block 2 4
65 block 2 4
66 block 2 4
67 block 2 4
68 block 2 4
69 block 2 4
70 block 2 4
71 block 2 4
72 block 2 4
73 block 2 4
74 block 2 4
75 block 2 4
76 block 2 4
77 block 2 4
78 block 2 4
79 block 2 4
80 block 2 4
81 block 2 4
82 block 2 4
83 block 2 4
84 block 2 4
85 block 2 4
0 block1 6 1
1 block1 6 1
2 block1 6 1
3 block1 6 1
4 block1 6 1
5 block1 6 1
6 block1 6 1
7 block1 6 1
8 block1 6 1
9 block1 6 1
10 block1 6 1
11 block1 6 1
12 block1 6 1
13 block1 6 1
14 block1 6 1
15 block1 6 1
16 block1 6 1
17 block1 6 1
18 block1 6 1
19 block1 6 1
20 block1 6 1
21 block1 6 1
22 block1 6 1
23 block1 6 1
24 block1 6 1
25 block1 6 1
26 block1 6 1
27 block1 6 1
28 block1 6 1
29 block1 6 1
30 block1 6 1
31 block1 6 1
32 block1 6 1
33 block1 6 1
34 block1 6 1
35 block1 6 1
36 block1 6 1
37 block1 6 1
38 block1 6 1
39 block1 6 1
40 block1 6 1
41 block1 6 1
42 block1 6 1
43 block1 6 1
44 block1 6 1
45 block1 6 1
46 block1 6 1
47 block1 6 1
48 block1 6 1
49 block1 6 1
50 block1 6 1
51 block1 6 1
52 block1 6 1
53 block1 6 1
54 block1 6 1
55 block1 6 1
56 block1 6 1
57 block1 6 1
58 block1 6 1
59 block1 6 1
60 block1 6 1
61 block1 6 1
62 block1 6 1
63 block1 6 1
64 block1 6 1
65 block1 6 1
66 block1 6 1
67 block1 6 1
68 block1 6 1
69 block1 6 1
70 block1 6 1
71 block1 6 1
72 block1 6 1
73 block1 6 1
74 block1 6 1
75 block1 6 1
76 block1 6 1
77 block1 6 1
78 block1 6 1
79 block1 6 1
80 block1 6 1
81 block1 6 1
82 block1 6 1
83 block1 6 1
84 block1 6 1
85 block1 6 1
1 b12 4 3
1 b10 1 6
1 b9 5 4
1 b8 4 4
1 b7 2 5
1 b6 1 4
1 b5 6 2
1 b4 5 1
1 b3 3 1
1 b1 1 1
2 b1 1 1
2 b4 5 1
2 b5 6 2
2 b6 1 4
2 b7 2 5
2 b9 5 4
3 b5 6 2
3 b1 1 1
1 b11 3 6
1 r 3 2
2 r 3 2
2 b3 3 1
2 b8 4 4
2 b10 1 6
2 b12 4 3
3 b12 4 3
3 b9 5 4
3 b8 4 4
3 b7 2 5
3 b6 1 4
3 b4 5 1
3 b3 3 1
3 r 3 2
1 b2 2 2
2 b2 2 2
2 b11 4 6
4 r 3 2
4 b1 1 1
4 b3 3 1
4 b4 5 1
4 b5 6 2
4 b7 2 5
4 b8 4 4
4 b9 5 4
4 b12 4 3
5 b12 4 3
5 b9 5 4
5 b8 4 4
5 b7 2 5
5 b5 6 2
5 b4 5 1
5 b1 1 1
5 r 3 2
3 b11 4 6
3 b10 2 6
3 b2 2 2
4 b2 2 2
4 b6 1 5
4 b10 2 6
4 b11 4 6
6 r 3 2
6 b4 5 1
6 b5 6 2
6 b7 2 5
6 b8 4 4
6 b9 5 4
6 b12 4 3
7 b12 4 3
7 b9 5 4
7 b8 4 4
7 b7 2 5
7 b5 6 2
7 b4 5 1
7 r 3 2
5 b11 4 6
5 b10 2 6
5 b3 2 1
5 b6 1 5
5 b2 2 2
6 b1 1 2
6 b2 2 2
6 b6 1 5
6 b3 2 1
6 b10 2 6
6 b11 4 6
8 r 3 2
8 b4 5 1
8 b5 6 2
8 b7 2 5
8 b9 5 4
8 b12 4 3
7 b11 5 6
9 b12 4 3
9 b7 2 5
9 b5 6 2
9 b4 5 1
9 r 3 2
7 b10 2 6
7 b3 2 1
7 b6 1 5
7 b2 2 2
7 b1 1 2
8 b1 1 2
8 b2 2 2
8 b6 1 5
8 b8 4 5
8 b3 2 1
8 b10 2 6
10 r 3 2
10 b4 5 1
10 b5 6 2
10 b7 2 5
10 b12 4 3
8 b11 5 6
9 b11 5 6
11 b12 4 3
11 b7 2 5
11 b5 6 2
11 b4 5 1
11 r 3 2
9 b10 2 6
9 b9 4 4
9 b3 2 1
9 b8 4 5
9 b6 1 5
9 b2 2 2
9 b1 1 2
10 b1 1 2
10 b2 2 2
10 b6 1 5
10 b8 4 5
10 b3 2 1
10 b10 2 6
12 b4 5 1
12 b5 6 2
12 b7 2 5
12 b12 4 3
10 b11 5 6
10 b9 3 4
11 b9 3 4
11 b3 1 1
11 b11 5 6
13 b7 2 5
13 b5 6 2
13 b4 5 1
11 b10 2 6
11 b8 4 5
11 b6 1 5
11 b2 2 2
11 b1 1 2
12 b1 1 2
12 b2 2 2
12 b6 1 5
12 b8 4 5
12 r 3 1
12 b10 2 6
14 b5 6 2
14 b7 2 5
12 b11 5 6
12 b3 1 1
12 b9 3 4
13 b9 3 4
13 b3 1 1
13 b11 5 6
15 b7 2 5
15 b5 6 2
13 b10 2 6
13 b12 3 3
13 r 3 1
13 b8 4 5
13 b6 1 5
13 b2 2 2
13 b1 1 2
14 b1 1 2
14 b2 2 2
14 b4 5 2
14 b6 1 5
14 b8 4 5
14 r 3 1
14 b12 3 3
14 b10 2 6
16 b5 6 2
16 b7 2 5
14 b11 5 6
14 b3 1 1
14 b9 3 4
15 b4 5 3
15 b9 3 4
15 b3 1 1
15 b11 5 6
17 b12 4 3
17 b7 2 5
17 b5 6 2
15 b10 2 6
15 b12 3 3
15 r 3 1
15 b8 4 5
15 b6 1 5
15 b2 2 2
15 b1 1 2
16 b4 5 4
16 b1 1 2
16 b2 2 2
16 b6 1 5
16 b8 4 5
16 r 3 1
16 b12 3 3
16 b10 2 6
18 r 3 2
18 b5 6 2
18 b7 2 5
18 b12 4 3
16 b11 5 6
16 b3 1 1
16 b9 3 4
17 b9 3 4
17 b3 1 1
17 b11 5 6
19 b12 4 3
19 b7 2 5
19 b5 6 2
19 r 3 2
17 b10 2 6
17 r 3 1
17 b8 4 5
17 b6 1 5
17 b2 2 2
17 b1 1 2
17 b4 5 4
18 b4 5 4
18 b1 1 2
18 b2 2 2
18 b6 1 5
18 b8 4 5
18 b10 2 6
20 r 3 2
20 b3 3 1
20 b5 6 2
20 b7 2 5
20 b12 4 3
18 b11 5 6
18 b3 1 1
18 b9 3 4
19 b9 3 4
19 b11 5 6
21 b12 4 3
21 b7 2 5
21 b5 6 2
21 r 3 2
19 b10 2 6
19 b3 2 1
19 b8 4 5
19 b6 1 5
19 b2 2 2
19 b1 1 2
19 b4 5 4
20 b4 5 4
20 b1 1 2
20 b2 2 2
20 b6 1 5
20 b8 4 5
20 b10 2 6
22 b5 6 2
22 b7 2 5
22 b12 4 3
20 b11 5 6
20 b9 3 4
21 b9 3 4
21 b11 5 6
23 b7 2 5
23 b5 6 2
21 b10 2 6
21 b3 4 1
21 b8 4 5
21 b6 1 5
21 b2 2 2
21 b1 1 2
21 b4 5 4
22 b4 5 4
22 b1 1 2
22 b2 2 2
22 b6 1 5
22 b8 4 5
22 r 3 1
22 b3 4 1
22 b10 2 6
24 b5 6 2
24 b7 2 5
22 b11 5 6
22 b9 3 4
23 b9 3 4
23 b11 5 6
25 b7 2 5
25 b5 6 2
23 b10 2 6
23 b3 4 1
23 b12 3 3
23 r 3 1
23 b8 4 5
23 b6 1 5
23 b2 2 2
23 b1 1 2
23 b4 5 4
24 b1 1 2
24 b2 2 2
24 b6 1 5
24 b8 4 5
24 r 3 1
24 b12 3 3
24 b3 4 1
24 b10 2 6
26 b5 6 2
26 b7 2 5
24 b11 5 6
24 b9 3 4
24 b4 5 3
25 b9 3 4
25 b11 5 6
27 b9 5 4
27 b7 2 5
27 b5 6 2
25 b10 2 6
25 b3 4 1
25 b12 3 3
25 r 3 1
25 b8 4 5
25 b6 1 5
25 b4 5 2
25 b2 2 2
25 b1 1 2
26 b1 1 2
26 b2 2 2
26 b4 5 2
26 b6 1 5
26 b8 4 5
26 r 3 1
26 b9 4 4
26 b12 3 3
26 b3 4 1
26 b10 2 6
28 b2 2 1
28 b5 6 2
28 b7 2 5
28 b9 5 4
26 b11 5 6
27 b11 5 6
29 b9 5 4
29 b7 2 5
29 b5 6 2
29 b2 2 1
27 b10 2 6
27 b3 4 1
27 b12 3 3
27 r 3 1
27 b8 4 5
27 b6 1 5
27 b4 5 2
27 b2 2 2
27 b1 1 2
28 b1 1 2
28 b4 5 2
28 b6 1 5
28 b8 4 5
28 r 3 1
28 b12 3 3
28 b3 4 1
28 b10 2 6
30 b2 2 1
30 b5 6 2
30 b7 2 5
30 b8 4 4
30 b9 5 4
28 b11 5 6
29 b12 2 3
29 b11 5 6
31 b9 5 4
31 b7 2 5
31 b5 6 2
31 b2 2 1
29 b10 2 6
29 b3 4 1
29 r 3 1
29 b8 4 5
29 b6 1 5
29 b4 5 2
29 b1 1 2
30 b1 1 2
30 b4 5 2
30 b6 1 5
30 r 3 1
30 b3 4 1
30 b10 2 6
32 b1 1 1
32 b2 2 1
32 b5 6 2
32 b7 2 5
32 b9 5 4
30 b11 5 6
30 b12 2 3
31 b12 2 3
31 b11 5 6
33 b9 5 4
33 b7 2 5
33 b5 6 2
33 b2 2 1
33 b1 1 1
31 b10 2 6
31 b3 4 1
31 b8 4 3
31 r 3 1
31 b6 1 5
31 b4 5 2
31 b1 1 2
32 b4 5 2
32 b6 1 5
32 r 3 1
32 b8 4 3
32 b3 4 1
32 b10 2 6
34 b1 1 1
34 b2 2 1
34 b5 6 2
34 b7 2 5
32 b11 5 6
32 b12 2 3
33 b8 4 2
33 b12 2 3
33 b11 5 6
35 b7 2 5
35 b5 6 2
35 b2 2 1
35 b1 1 1
33 b10 2 6
33 b3 4 1
33 r 3 1
33 b6 1 5
33 b4 5 2
34 b4 5 2
34 b6 1 5
34 r 3 1
34 b9 4 4
34 b3 4 1
34 b10 2 6
36 b1 1 1
36 b2 2 1
36 b5 6 2
36 b7 2 5
34 b11 5 6
34 b12 2 3
34 b8 4 2
35 b8 4 2
35 b12 2 3
35 b9 3 4
35 b11 5 6
37 b7 2 5
37 b2 2 1
37 b1 1 1
35 b10 2 6
35 b3 4 1
35 r 3 1
35 b6 1 5
35 b4 5 2
36 b6 1 5
36 r 3 1
36 b3 4 1
36 b10 2 6
38 b1 1 1
38 b2 2 1
38 b7 2 5
36 b11 5 6
36 b9 3 4
36 b12 2 3
36 b8 4 2
36 b4 5 3
37 b4 5 3
37 b8 4 2
37 b12 2 3
37 b9 3 4
37 b11 5 6
39 b7 2 5
39 b2 2 1
39 b1 1 1
37 b10 2 6
37 b3 4 1
37 r 3 1
37 b6 1 5
37 b5 6 3
38 b5 6 3
38 b6 1 5
38 r 3 1
38 b3 4 1
38 b10 2 6
38 b11 4 6
40 b1 1 1
40 b2 2 1
40 b6 1 4
40 b7 2 5
38 b9 3 4
38 b12 2 3
38 b8 4 2
38 b4 5 3
39 b5 6 4
39 b4 5 3
39 b8 4 2
39 b12 2 3
39 b9 3 4
41 b10 1 6
41 b7 2 5
41 b6 1 4
41 b2 2 1
41 b1 1 1
39 b11 4 6
39 b10 2 6
39 b3 4 1
39 r 3 1
39 b6 1 5
40 r 3 1
40 b3 4 1
40 b10 2 6
40 b11 4 6
42 b1 1 1
42 b2 2 1
42 b6 1 4
42 b7 2 5
42 b10 1 6
42 b11 3 6
40 b9 3 4
40 b12 2 3
40 b8 4 2
40 b4 5 3
40 b5 6 4
41 b5 6 4
41 b4 5 3
41 b8 4 2
41 b12 2 3
41 b9 3 4
43 b11 3 6
43 b10 1 6
43 b7 2 5
43 b6 1 4
43 b2 2 1
43 b1 1 1
41 b11 4 6
41 b3 4 1
41 r 3 1
42 r 3 1
42 b3 4 1
44 b1 1 1
44 b2 2 1
44 b6 1 4
44 b7 2 5
44 b10 1 6
44 b11 3 6
42 b9 3 4
42 b12 2 3
42 b8 4 2
42 b4 5 3
42 b5 6 4
43 b5 6 4
43 b8 4 2
43 b12 2 3
43 b9 3 4
45 b11 3 6
45 b10 1 6
45 b7 2 5
45 b6 1 4
45 b2 2 1
45 b1 1 1
43 b3 4 1
43 r 3 1
43 b4 5 4
44 r 3 1
44 b3 4 1
46 b1 1 1
46 b2 2 1
46 b6 1 4
46 b7 2 5
46 b10 1 6
46 b11 3 6
44 b9 3 4
44 b12 2 3
44 b8 4 2
44 b5 6 4
44 b4 5 5
45 b4 5 5
45 b5 6 4
45 b8 4 2
45 b12 2 3
47 b11 3 6
47 b10 1 6
47 b9 5 4
47 b7 2 5
47 b6 1 4
47 b2 2 1
47 b1 1 1
45 b3 4 1
45 b9 4 4
45 r 3 1
46 b5 6 5
46 r 3 1
46 b9 4 4
46 b3 4 1
48 b1 1 1
48 b2 2 1
48 b6 1 4
48 b7 2 5
48 b9 5 4
48 b10 1 6
48 b11 3 6
46 b12 2 3
46 b8 4 2
46 b4 5 5
47 b4 5 5
47 b8 4 2
47 b12 2 3
49 b11 3 6
49 b10 1 6
49 b9 5 4
49 b8 4 4
49 b7 2 5
49 b6 1 4
49 b2 2 1
49 b1 1 1
47 b3 4 1
47 r 3 1
47 b5 6 5
48 b5 6 5
48 r 3 1
48 b8 4 3
48 b3 4 1
50 b1 1 1
50 b2 2 1
50 b6 1 4
50 b7 2 5
50 b8 4 4
50 b9 5 4
50 b10 1 6
50 b11 3 6
48 b12 2 3
48 b4 5 5
49 b4 5 5
49 b12 2 3
51 b12 4 3
51 b11 3 6
51 b10 1 6
51 b9 5 4
51 b8 4 4
51 b7 2 5
51 b6 1 4
51 b2 2 1
51 b1 1 1
49 b3 4 1
49 r 3 1
49 b5 6 5
50 b5 6 5
50 r 3 1
50 b12 3 3
50 b3 4 1
52 b1 1 1
52 b2 2 1
52 b6 1 4
52 b7 2 5
52 b8 4 4
52 b9 5 4
52 b10 1 6
52 b11 3 6
50 b4 5 5
51 b4 5 5
53 b11 3 6
53 b10 1 6
53 b9 5 4
53 b7 2 5
53 b6 1 4
53 b2 2 1
53 b1 1 1
51 b3 4 1
51 r 3 1
51 b5 6 5
52 b5 6 5
52 r 3 1
52 b3 4 1
52 b12 5 3
54 b1 1 1
54 b2 2 1
54 b6 1 4
54 b7 2 5
54 b9 5 4
54 b10 1 6
54 b11 3 6
52 b4 5 5
53 b4 5 5
55 b11 3 6
55 b10 1 6
55 b7 2 5
55 b6 1 4
55 b2 2 1
55 b1 1 1
53 b12 5 3
53 b3 4 1
53 b8 4 3
53 r 3 1
53 b5 6 5
54 b5 6 5
54 r 3 1
54 b3 4 1
54 b12 5 3
56 b1 1 1
56 b2 2 1
56 b6 1 4
56 b7 2 5
56 b10 1 6
56 b11 3 6
54 b8 4 2
54 b4 5 5
55 b4 5 5
55 b8 4 2
57 b11 3 6
57 b10 1 6
57 b7 2 5
57 b6 1 4
57 b2 2 1
57 b1 1 1
55 b12 5 3
55 b3 4 1
55 b9 4 4
55 r 3 1
55 b5 6 5
56 b5 6 5
56 r 3 1
56 b3 4 1
56 b12 5 3
58 b1 1 1
58 b2 2 1
58 b6 1 4
58 b7 2 5
58 b10 1 6
56 b9 3 4
56 b8 4 2
56 b4 5 5
57 b8 4 2
57 b9 3 4
59 b7 2 5
59 b6 1 4
59 b2 2 1
59 b1 1 1
57 b12 5 3
57 b3 4 1
57 r 3 1
57 b5 6 5
57 b4 5 4
58 b4 5 4
58 b5 6 5
58 r 3 1
58 b3 4 1
58 b11 4 6
58 b12 5 3
60 r 3 2
60 b1 1 1
60 b2 2 1
60 b6 1 4
60 b7 2 5
58 b9 3 4
58 b8 4 2
59 b8 4 2
59 b9 3 4
61 b7 2 5
61 b6 1 4
61 b3 3 1
61 b2 2 1
61 b1 1 1
61 r 3 2
59 b12 5 3
59 b11 4 6
59 b10 2 6
59 b3 4 1
59 r 3 1
59 b5 6 5
59 b4 5 4
60 b4 5 4
60 b5 6 5
60 b3 4 1
60 b10 2 6
60 b11 4 6
60 b12 5 3
62 r 3 2
62 b1 1 1
62 b3 3 1
62 b6 1 4
62 b7 2 5
60 b9 3 4
60 b8 4 2
61 b8 4 2
61 b9 3 4
63 b7 2 5
63 b3 3 1
63 b1 1 1
63 r 3 2
61 b12 5 3
61 b11 4 6
61 b10 2 6
61 b5 6 5
61 b4 5 4
62 b4 5 4
62 b5 6 5
62 b2 2 2
62 b10 2 6
62 b11 4 6
62 b12 5 3
64 r 3 2
64 b1 1 1
64 b7 2 5
62 b9 3 4
62 b8 4 2
63 b8 4 2
63 b9 3 4
65 b7 2 5
65 r 3 2
63 b12 5 3
63 b11 4 6
63 b10 2 6
63 b6 1 5
63 b2 2 2
63 b5 6 5
63 b4 5 4
64 b4 5 4
64 b5 6 5
64 b2 2 2
64 b6 1 5
64 b3 2 1
64 b10 2 6
64 b11 4 6
64 b12 5 3
66 r 3 2
66 b7 2 5
64 b9 3 4
64 b8 4 2
65 b8 4 2
65 b9 3 4
67 b7 2 5
65 b12 5 3
65 b11 4 6
65 b10 2 6
65 b3 2 1
65 b6 1 5
65 b2 2 2
65 b1 1 2
65 b5 6 5
65 b4 5 4
66 b4 5 4
66 b5 6 5
66 b1 1 2
66 b2 2 2
66 b6 1 5
66 b10 2 6
66 b11 4 6
66 b12 5 3
68 b7 2 5
66 b3 1 1
66 b9 3 4
66 b8 4 2
67 b8 4 2
67 b9 3 4
67 b3 1 1
69 b12 4 3
69 b7 2 5
67 b12 5 3
67 b11 4 6
67 b10 2 6
67 r 3 1
67 b6 1 5
67 b2 2 2
67 b1 1 2
67 b5 6 5
67 b4 5 4
68 b4 5 4
68 b5 6 5
68 b8 4 1
68 b1 1 2
68 b2 2 2
68 b6 1 5
68 r 3 1
68 b10 2 6
68 b11 4 6
68 b12 5 3
70 b7 2 5
68 b3 1 1
68 b9 3 4
69 b9 3 4
69 b3 1 1
71 b7 2 5
69 b11 4 6
69 b10 2 6
69 r 3 1
69 b6 1 5
69 b2 2 2
69 b1 1 2
69 b8 4 1
69 b5 6 5
69 b4 5 4
70 b4 5 4
70 b5 6 5
70 b8 4 1
70 b1 1 2
70 b2 2 2
70 b6 1 5
70 r 3 1
70 b12 3 3
70 b10 2 6
70 b11 4 6
72 b7 2 5
70 b3 1 1
70 b9 3 4
71 b4 5 3
71 b9 3 4
71 b3 1 1
71 b11 4 6
71 b10 2 6
71 b12 3 3
71 r 3 1
71 b6 1 5
71 b2 2 2
71 b1 1 2
71 b8 4 1
71 b5 6 5
72 b5 6 5
72 b8 4 1
72 b1 1 2
72 b2 2 2
72 b4 5 2
72 b6 1 5
72 r 3 1
72 b12 3 3
72 b10 2 6
72 b11 4 6
74 b4 5 1
72 b3 1 1
72 b9 3 4
73 b9 3 4
73 b3 1 1
75 b12 4 3
75 b4 5 1
73 b11 4 6
73 b10 2 6
73 b7 3 5
73 b12 3 3
73 r 3 1
73 b6 1 5
73 b4 5 2
73 b2 2 2
73 b1 1 2
73 b8 4 1
73 b5 6 5
74 b5 6 5
74 b8 4 1
74 b1 1 2
74 b2 2 2
74 b6 1 5
74 r 3 1
74 b12 3 3
74 b7 3 5
74 b10 2 6
74 b11 4 6
76 r 3 2
76 b4 5 1
76 b12 4 3
74 b3 1 1
74 b9 3 4
75 b9 3 4
75 b3 1 1
77 b12 4 3
77 b4 5 1
77 r 3 2
75 b11 4 6
75 b10 2 6
75 b7 3 5
75 r 3 1
75 b6 1 5
75 b2 2 2
75 b1 1 2
75 b8 4 1
75 b5 6 5
76 b5 6 5
76 b8 4 1
76 b1 1 2
76 b2 2 2
76 b6 1 5
76 b7 3 5
76 b10 2 6
76 b11 4 6
78 r 3 2
78 b4 5 1
78 b12 4 3
76 b3 1 1
76 b9 3 4
77 b3 1 1
79 b12 4 3
79 b4 5 1
77 b11 4 6
77 b10 2 6
77 b7 3 5
77 b9 4 4
77 b6 1 5
77 b2 2 2
77 b1 1 2
77 b8 4 1
77 b5 6 5
78 b5 6 5
78 b8 4 1
78 b1 1 2
78 b2 2 2
78 b6 1 5
78 b3 2 1
78 b9 4 4
78 b7 3 5
78 b10 2 6
78 b11 4 6
80 b1 1 1
80 b4 5 1
80 b12 4 3
81 b12 4 3
81 b6 1 4
81 b4 5 1
81 b1 1 1
79 b11 4 6
79 b10 2 6
79 b7 3 5
79 b9 4 4
79 b3 2 1
79 b6 1 5
79 b2 2 2
79 b1 1 2
79 r 3 3
79 b8 4 1
79 b5 6 5
80 b5 6 5
80 b8 4 1
80 r 3 3
80 b2 2 2
80 b6 1 5
80 b3 2 1
80 b9 4 4
80 b7 3 5
80 b10 2 6
80 b11 4 6
82 b1 1 1
82 b4 5 1
82 b6 1 4
82 b10 1 6
82 b12 4 3
83 b12 4 3
83 b10 1 6
83 b6 1 4
83 b4 5 1
83 b1 1 1
81 b11 4 6
81 b10 2 6
81 b7 3 5
81 b9 4 4
81 b3 2 1
81 b2 2 2
81 r 3 3
81 b8 4 1
81 b5 6 5
82 b5 6 5
82 b8 4 1
82 r 3 3
82 b2 2 2
82 b3 2 1
82 b9 4 4
82 b7 3 5
82 b11 4 6
84 b1 1 1
84 b4 5 1
84 b6 1 4
84 b10 1 6
84 b12 4 3
83 b7 4 5
85 b12 4 3
85 b10 1 6
85 b6 1 4
85 b4 5 1
85 b1 1 1
83 b11 4 6
83 b9 4 4
83 b3 2 1
83 b2 2 2
83 r 3 3
83 b8 4 1
83 b5 6 5
84 b5 6 5
84 b8 4 1
84 b2 2 2
84 b3 2 1
84 b9 4 4
84 b11 4 6
84 b7 4 5
84 r 3 4
85 b7 4 5
85 b11 4 6
85 b9 4 4
85 b3 2 1
85 b2 2 2
85 b8 4 1
85 b5 6 5
85 r 3 5
